osm_id,lon,lat
5,34.04478239650126,44.654561239595616
5,34.04472284434934,44.654515116778065
5,34.0446627921064,44.654469347752816
5,34.04459720957129,44.65442755621914
5,34.04427754836394,44.654640639025
5,34.04395788715657,44.65485372104791
5,34.04385990769678,44.654876553598385
5,34.04382917852939,44.6548338894822
5,34.04379772743256,44.654790223012746
5,34.043765830235785,44.654745937147865
5,34.043716217478064,44.6547154468967
5,34.043665490635235,44.654686422894606
5,34.04361426014527,44.65465711070972
5,34.04356335297072,44.654627983499246
5,34.04351172572728,44.65459844427693
5,34.043460373740864,44.65456906253169
5,34.04340808454301,44.65453914453275
5,34.0433560131781,44.65450935115464
5,34.043302784029905,44.654478895318405
5,34.04324970276605,44.65444852408043
5,34.043195236629906,44.65441736045056
5,34.043140832408554,44.654386232229456
5,34.043076411275976,44.65436957189336
5,34.04302765024372,44.65439518639861
5,34.042978889211476,44.65442080089256
5,34.0429329107321,44.65444495368265
5,34.04288693225271,44.654469106462685
5,34.04280277726725,44.65451331357179
5,34.04272264870377,44.65455540554641
5,34.0426540050196,44.65457969457792
5,34.04260082921178,44.65455893761997
5,34.042547966456254,44.654538302853325
5,34.04249313167227,44.65451689830546
5,34.04243847797095,44.65449556443465
5,34.04238162074747,44.65447337041875
5,34.04232478526973,44.65445118488274
5,34.04226549335612,44.65442804047627
5,34.042204600763064,44.65443175569708
5,34.04214194143262,44.6544545350039
5,34.042082610960094,44.65447610412236
5,34.042023113361346,44.65449773399014
5,34.04196663130015,44.65451826757634
5,34.04190978840295,44.654538932334155
5,34.041855681827386,44.65455860231837
5,34.04180105636092,44.65457846093417
5,34.041748914912006,44.65459741650054
5,34.041696124286005,44.65461660806323
5,34.04164558670291,44.65463498054626
5,34.04159779452263,44.65466412225296
5,34.04155559556256,44.654699969935585
5,34.04151381193305,44.65473587089164
5,34.04147583306614,44.654771974573656
5,34.04143785419922,44.654808078233195
5,34.04140371343871,44.654844162705466
5,34.0413695726782,44.65488024715529
5,34.04133907212589,44.654916097051284
5,34.041308571573595,44.65495194692511
5,34.04128149691766,44.65498737951981
5,34.04125442226174,44.655022812092874
5,34.04123054930873,44.65505767606065
5,34.041206676355735,44.65509254000748
5,34.04116487732052,44.65516088722295
5,34.04112857052967,44.655227665061005
5,34.041097311724656,44.655292734580705
5,34.04107067389523,44.655356001185204
5,34.04104825264877,44.65541740906926
5,34.04102967017284,44.655476935682245
5,34.04101457792176,44.65553458635006
5,34.041002658174754,44.65559038917053
5,34.040993624621755,44.65564439026695
5,34.04098722213314,44.65569664945942
5,34.040983225866505,44.655747236389374
5,34.040981439852985,44.65579622711383
5,34.04098169519449,44.65584370116854
5,34.040983847989395,44.65588973908672
5,34.04098777708778,44.655934420349766
5,34.04099338176421,44.655977821739235
5,34.041000579379286,44.65602001605472
5,34.04100930308864,44.6560610711599
5,34.04101949964483,44.65610104931738
5,34.04103112732643,44.65614000677468
5,34.04104415401881,44.65617799356413
5,34.04105855546302,44.656215053482164
5,34.04107431368184,44.656251224216206
5,34.04109141558722,44.6562865375904
5,34.04110985176821,44.656321019904034
5,34.04112961545599,44.65635469234047
5,34.041150701659724,44.65638757142589
5,34.041173106465486,44.656419669521505
5,34.0411968264897,44.65645099533405
5,34.041221858477854,44.656481554431714
5,34.041248199039444,44.65651134975522
5,34.04127584450986,44.656540382114265
5,34.041304790930724,44.656568650661725
5,34.041335034140246,44.656596153338064
5,34.04136656996625,44.656622887279966
5,34.04139939451393,44.656648849186716
5,34.04143350454209,44.65667403563922
5,34.04146889792056,44.65669844336529
5,34.04150557416227,44.65672206944559
5,34.041543535023,44.656744911454425
5,34.04158278516108,44.65676696752791
5,34.04162333284885,44.65678823635388
5,34.041665190726036,44.65680871707456
5,34.041708376583976,44.65682840909523
5,34.0417529141671,44.65684731178998
5,34.041798833975925,44.65686542409604
5,34.04184617405262,44.65688274398809
5,34.041894980726376,44.656899267824194
5,34.04194530929281,44.65691498955566
5,34.04199722459555,44.65692989979388
5,34.04205080147543,44.65694398473007
5,34.042106125045805,44.65695722490491
5,34.04216329074881,44.65696959382918
5,34.04222240414144,44.65698105646135
5,34.0422835803568,44.656991567552154
5,34.042346943180874,44.6570010698741
5,34.04241262368353,44.65700949236064
5,34.04248075834122,44.6570167481897
5,34.04255148658944,44.65702273285553
5,34.04262494774792,44.65702732228446
5,34.04270127726768,44.65703037106221
5,34.042780602261494,44.65703171085215
5,34.042863036293845,44.65703114909652
5,34.04294867342811,44.6570284681035
5,34.04303758155394,44.657023424633316
5,34.04312979504983,44.65701575010321
5,34.043225306871406,44.65700515153568
5,34.043324060197904,44.65699131337254
5,34.04342593981326,44.656973900271936
5,34.04347835162921,44.65696323063288
5,34.04353076344516,44.65695256099187
5,34.043584518388926,44.65693974721834
5,34.04363827333269,44.65692693344197
5,34.04369320083482,44.65691179220201
5,34.04374812833696,44.65689665095808
5,34.04380401264352,44.65687900038902
5,34.043859896950075,44.65686134981459
5,34.043916474268784,44.65684101388303
5,34.04397305158749,44.65682067794433
5,34.04403000890926,44.65679764146943
5,34.044086964569416,44.656774304782324
5,34.04414394931535,44.656748273194424
5,34.04420090620075,44.656721932088104
5,34.04425750383097,44.65669277715764
5,34.04431404534437,44.65666330553902
5,34.04436979217135,44.65663092687509
5,34.04442545284846,44.65659822681912
5,34.044479839290574,44.656562558000104
5,34.04453410812859,44.65652656586504
5,34.04458658365136,44.656487580454744
5,34.044638909124785,44.656448272872105
5,34.044688888928114,44.65640599009864
5,34.044738685747035,44.65636338961499
5,34.04478566711525,44.656318034318126
5,34.0448322167969,44.6562720596033
5,34.04487548150754,44.65622359614871
5,34.04491825020909,44.65617453657714
5,34.044957167059074,44.65612314638365
5,34.044995526301484,44.656071190853574
5,34.04502947248075,44.6560171155005
5,34.045062803562075,44.65596251306608
5,34.045091178492115,44.65590605474293
5,34.04511888634565,44.655849114896334
5,34.04514112610775,44.65579063519395
5,34.04516265370996,44.65573172648049
5,34.045178245619574,44.6556716434161
5,34.04519308850151,44.6556111902804
5,34.04520158534011,44.65554997351264
5,34.04520930571248,44.65548845133791
5,34.0452103391034,44.65542661560012
5,34.0452105790823,44.65536454397513
5,34.045203871495055,44.65530264083091
5,34.045196364915455,44.65524057515561
5,34.04518173980616,44.65517918325895
5,34.04516632213489,44.65511770487662
5,34.04514371177878,44.65505741899069
5,34.045120327689496,44.6549971241068
5,34.04508977833449,44.654938543201716
5,34.045058486581425,44.654880030914484
5,34.04502016064643,44.65482374571692
5,34.044981135969415,44.65476760553564
5,34.04493531112278,44.65471418593995
5,34.04488884302949,44.65466098520336
5,34.0448359081066,44.654610967972516